rep_right:4956
rec_right:4956
wrong_cells:5297
prec:0.9945815773630343
rec:0.9356239380781575
wrong2right:4956
right2right:0
wrong2wrong:9
right2wrong:18
clean_in_cands AFTER filter:4964
proportion of clean value in candidates and selected correctly:0.9983883964524609
