测试结果:
Accuracy: 0.030001032737787876
Recall: 0.3192307692307692
F1 Score: 0.05484754081314404
EDR: -9.71043956043956
Hybrid Distance: 0.14397465282870575
R-EDR: -5.0102967898243485
Time: 1363.2312784194946
speed: 13.632312784194946 seconds/100num
