rep_right:115
rec_right:112
wrong_cells:406
prec:0.27186761229307993
rec:0.2758620689654493
wrong2right:112
right2right:3
wrong2wrong:9
right2wrong:299
proportion of clean value in candidates:0.2765957446808511
proportion of clean value in candidates and selected correctly:0.9829059829059829
