rep_right:66
rec_right:64
wrong_cells:294
prec:0.24087591240867123
rec:0.21768707482985794
wrong2right:64
right2right:2
wrong2wrong:4
right2wrong:204
proportion of clean value in candidates:0.24087591240875914
proportion of clean value in candidates and selected correctly:1.0
