rep_right:303
rec_right:290
wrong_cells:17080
prec:0.46904024767794594
rec:0.016978922716627536
wrong2right:290
right2right:13
wrong2wrong:329
right2wrong:14
proportion of clean value in candidates:0.46904024767801855
proportion of clean value in candidates and selected correctly:0.9966996699669967
