rep_right:113
rec_right:109
wrong_cells:564
prec:0.2378947368420552
rec:0.19326241134748345
wrong2right:109
right2right:4
wrong2wrong:45
right2wrong:317
proportion of clean value in candidates:0.24842105263157896
proportion of clean value in candidates and selected correctly:0.9576271186440678
