测试结果:
Accuracy: 0.33285302593659943
Recall: 0.6657060518731989
F1 Score: 0.4438040345376881
EDR: -0.5605187319884726
Hybrid Distance: 0.0904935842534185
R-EDR: 0.1512770137524558
Time: 8.65393328666687
speed: 0.8653933286666871 seconds/100num
