rep_right:3949
rec_right:3949
wrong_cells:4224
prec:0.9924604171902488
rec:0.9348958333333334
wrong2right:3949
right2right:0
wrong2wrong:9
right2wrong:21
clean_in_cands AFTER filter:3957
proportion of clean value in candidates and selected correctly:0.9979782663608846
