测试结果:
Accuracy: 0.39146110056926
Recall: 0.4193089430894309
F1 Score: 0.40490677129451436
EDR: 0.11483739837398374
Hybrid Distance: 0.17822218754442495
R-EDR: -0.15336134453781514
Time: 8.5530366897583
speed: 0.35997629165649414 seconds/100num
