rep_right:126
rec_right:16
wrong_cells:95
prec:0.05531167690956737
rec:0.16842105263140167
wrong2right:16
right2right:110
wrong2wrong:30
right2wrong:2122
proportion of clean value in candidates:0.031167690956979806
proportion of clean value in candidates and selected correctly:0.8591549295774648
