测试结果:
Accuracy: 0.2247744052502051
Recall: 0.7965116279069767
F1 Score: 0.35060780546790926
EDR: -1.8488372093023255
Hybrid Distance: 0.0481292809656619
R-EDR: -2.078014184397163
Time: 5.932695150375366
speed: 0.24969255683398006 seconds/100num
