测试结果:
Accuracy: 0.9615384615384616
Recall: 0.010283833813245578
F1 Score: 0.020350020347926344
EDR: 0.010283833813245578
Hybrid Distance: 0.23743616605323473
R-EDR: 0.0
Time: 128.32697796821594
Speed: 12.832697796821595 seconds/100 records
