rep_right:184
rec_right:184
wrong_cells:269
prec:0.8034934497816594
rec:0.6840148698884758
wrong2right:184
right2right:0
wrong2wrong:7
right2wrong:38
clean_in_cands AFTER filter:209
proportion of clean value in candidates and selected correctly:0.8803827750774936
