rep_right:10
rec_right:10
wrong_cells:158
prec:0.12048192771084337
rec:0.06329113924050633
wrong2right:10
right2right:0
wrong2wrong:16
right2wrong:57
clean_in_cands AFTER filter:20
proportion of clean value in candidates and selected correctly:0.49999999975
