rep_right:10
rec_right:10
wrong_cells:158
prec:0.17543859649122806
rec:0.06329113924050633
wrong2right:10
right2right:0
wrong2wrong:9
right2wrong:38
clean_in_cands AFTER filter:16
proportion of clean value in candidates and selected correctly:0.624999999609375
