rep_right:261
rec_right:259
wrong_cells:372
prec:0.2699069286452668
rec:0.6962365591395978
wrong2right:259
right2right:2
wrong2wrong:81
right2wrong:625
proportion of clean value in candidates:0.2957600827300931
proportion of clean value in candidates and selected correctly:0.9125874125874126
