rep_right:448
rec_right:448
wrong_cells:737
prec:0.27518427518425825
rec:0.6078697421980179
wrong2right:448
right2right:0
wrong2wrong:133
right2wrong:1047
proportion of clean value in candidates:0.2807125307125307
proportion of clean value in candidates and selected correctly:0.9803063457330415
