rep_right:377
rec_right:377
wrong_cells:500
prec:0.312603648424518
rec:0.7539999999998492
wrong2right:377
right2right:0
wrong2wrong:59
right2wrong:770
proportion of clean value in candidates:0.3142620232172471
proportion of clean value in candidates and selected correctly:0.9947229551451188
