测试结果:
Accuracy: 0.9473684210526315
Recall: 0.01245674740484429
F1 Score: 0.02459016393186429
EDR: 0.01245674740484429
Hybrid Distance: 0.2013326586306176
R-EDR: 0.0039164490861618795
Time: 145.91783022880554
Speed: 14.591783022880554 seconds/100 records
