rep_right:3770
rec_right:3770
wrong_cells:4161
prec:0.9939361982599525
rec:0.9060322037971641
wrong2right:3770
right2right:0
wrong2wrong:2
right2wrong:21
clean_in_cands AFTER filter:3772
proportion of clean value in candidates and selected correctly:0.999469777303819
