rep_right:4899
rec_right:4899
wrong_cells:5234
prec:0.9782348242811502
rec:0.9359954145968666
wrong2right:4899
right2right:0
wrong2wrong:89
right2wrong:20
clean_in_cands AFTER filter:4989
proportion of clean value in candidates and selected correctly:0.9819603126859452
