测试结果:
Accuracy: 0.3018465909090909
Recall: 0.6990131578947368
F1 Score: 0.42162698408485755
EDR: -0.8421052631578947
Hybrid Distance: 0.09215716155975492
R-EDR: 0.09480812641083522
Time: 8.020863056182861
speed: 0.8020863056182861 seconds/100num
