rep_right:356
rec_right:341
wrong_cells:364
prec:0.3811563169164474
rec:0.9368131868129295
wrong2right:341
right2right:15
wrong2wrong:6
right2wrong:572
proportion of clean value in candidates:0.39079229122055675
proportion of clean value in candidates and selected correctly:0.9753424657534246
