rep_right:166
rec_right:7
wrong_cells:35
prec:0.08308308308307892
rec:0.19999999999942855
wrong2right:7
right2right:159
wrong2wrong:6
right2wrong:1826
proportion of clean value in candidates:0.033533533533533534
proportion of clean value in candidates and selected correctly:0.8208955223880597
