rep_right:179
rec_right:179
wrong_cells:17104
prec:0.456632653061108
rec:0.010465388213283383
wrong2right:179
right2right:0
wrong2wrong:213
right2wrong:0
proportion of clean value in candidates:0.45918367346938777
proportion of clean value in candidates and selected correctly:0.9944444444444445
