rep_right:8
rec_right:8
wrong_cells:27
prec:0.14035087719273623
rec:0.29629629629519894
wrong2right:8
right2right:0
wrong2wrong:0
right2wrong:49
proportion of clean value in candidates:0.14035087719298245
proportion of clean value in candidates and selected correctly:1.0
