测试结果:
Accuracy: 0.0009401932619482894
Recall: 0.048
F1 Score: 0.0018442622913135672
EDR: -50.95733333333333
Hybrid Distance: 0.09762074221285985
R-EDR: -25.95923913043478
Time: 1362.508316040039
speed: 13.62508316040039 seconds/100num
