rep_right:131
rec_right:131
wrong_cells:132
prec:0.25686274509798884
rec:0.9924242424234907
wrong2right:131
right2right:0
wrong2wrong:1
right2wrong:378
proportion of clean value in candidates:0.25882352941176473
proportion of clean value in candidates and selected correctly:0.9924242424242424
