测试结果:
Accuracy: 0.8501529051987767
Recall: 0.5461689587426326
F1 Score: 0.6650717702872979
EDR: 0.5245579567779961
Hybrid Distance: 0.1034054181569254
R-EDR: 0.4742014742014742
Time: 469.01535844802856
speed: 46.90153584480286 seconds/100num
