测试结果:
Accuracy: 0.8576687116564418
Recall: 0.5682926829268292
F1 Score: 0.6836185818591496
EDR: 0.516869918699187
Hybrid Distance: 0.11865335019431696
R-EDR: 0.12710084033613445
Time: 391.8582489490509
speed: 16.492350544993727 seconds/100num
