测试结果:
Accuracy: 0.8300589390962672
Recall: 0.7549136390708755
F1 Score: 0.7907049282096258
EDR: 0.7540202501488982
Hybrid Distance: 0.056689736068596265
R-EDR: 0.6867219917012448
Time: 495.85556268692017
speed: 20.574919613565154 seconds/100num
