测试结果:
Accuracy: 0.25741399762752076
Recall: 0.21852970795568982
F1 Score: 0.23638344221612895
EDR: -0.23967774420946628
Hybrid Distance: 0.053628215233389086
R-EDR: 0.061224489795918366
Time: 296.1245415210724
speed: 29.61245415210724 seconds/100num
