测试结果:
Accuracy: 0.9119496855345912
Recall: 0.1457286432160804
F1 Score: 0.2512998266660151
EDR: 0.14371859296482412
Hybrid Distance: 0.04614853125809898
R-EDR: 0.10331632653061225
Time: 443.92307710647583
speed: 44.392307710647586 seconds/100num
