测试结果:
Accuracy: 1.0
Recall: 0.9498680738786279
F1 Score: 0.9742895804642414
EDR: 0.9498680738786279
Hybrid Distance: 0.003404928404928403
R-EDR: 0.9498680738786279
Time: 2768.381408214569
speed: 26.09219046385079 seconds/100num
