测试结果:
Accuracy: 0.2220496894409938
Recall: 0.18729535036018335
F1 Score: 0.20319715803206556
EDR: 0.04911591355599214
Hybrid Distance: 0.022743669637907027
R-EDR: 0.07858546168958742
Time: 2446.199949979782
speed: 24.46199949979782 seconds/100num
