测试结果:
Accuracy: 0.7840909090909091
Recall: 0.027766599597585512
F1 Score: 0.05363389039370459
EDR: 0.027766599597585512
Hybrid Distance: 0.22539305050375022
R-EDR: 0.0010070493454179255
Time: 138.0966236591339
Speed: 13.809662365913391 seconds/100 records
