rep_right:130
rec_right:10
wrong_cells:47
prec:0.05752212389380276
rec:0.21276595744635582
wrong2right:10
right2right:120
wrong2wrong:16
right2wrong:2114
proportion of clean value in candidates:0.034955752212389384
proportion of clean value in candidates and selected correctly:0.7848101265822784
