rep_right:313
rec_right:313
wrong_cells:344
prec:0.3413304252998537
rec:0.909883720929968
wrong2right:313
right2right:0
wrong2wrong:27
right2wrong:577
proportion of clean value in candidates:0.366412213740458
proportion of clean value in candidates and selected correctly:0.9315476190476191
