rep_right:169
rec_right:169
wrong_cells:364
prec:0.5787671232876712
rec:0.4642857142857143
wrong2right:169
right2right:0
wrong2wrong:36
right2wrong:87
clean_in_cands AFTER filter:204
proportion of clean value in candidates and selected correctly:0.8284313725084101
