rep_right:308
rec_right:308
wrong_cells:344
prec:0.33846153846150123
rec:0.8953488372090421
wrong2right:308
right2right:0
wrong2wrong:21
right2wrong:581
proportion of clean value in candidates:0.34835164835164834
proportion of clean value in candidates and selected correctly:0.9716088328075709
