rep_right:465
rec_right:422
wrong_cells:509
prec:0.5005382131323465
rec:0.8290766208249845
wrong2right:422
right2right:43
wrong2wrong:3
right2wrong:461
proportion of clean value in candidates:0.511302475780409
proportion of clean value in candidates and selected correctly:0.9789473684210527
