rep_right:470
rec_right:424
wrong_cells:509
prec:0.5005324813630989
rec:0.8330058939094631
wrong2right:424
right2right:46
wrong2wrong:5
right2wrong:464
proportion of clean value in candidates:0.5175718849840255
proportion of clean value in candidates and selected correctly:0.9670781893004116
