rep_right:21
rec_right:20
wrong_cells:89
prec:0.16279069767429244
rec:0.224719101123343
wrong2right:20
right2right:1
wrong2wrong:8
right2wrong:100
proportion of clean value in candidates:0.16279069767441862
proportion of clean value in candidates and selected correctly:1.0
