rep_right:156
rec_right:156
wrong_cells:312
prec:0.3101391650098787
rec:0.49999999999983974
wrong2right:156
right2right:0
wrong2wrong:17
right2wrong:330
proportion of clean value in candidates:0.3101391650099404
proportion of clean value in candidates and selected correctly:1.0
