rep_right:50
rec_right:50
wrong_cells:125
prec:0.2702702702701242
rec:0.39999999999968
wrong2right:50
right2right:0
wrong2wrong:16
right2wrong:119
proportion of clean value in candidates:0.2702702702702703
proportion of clean value in candidates and selected correctly:1.0
