rep_right:78
rec_right:72
wrong_cells:16913
prec:0.36619718309841964
rec:0.004257080352391627
wrong2right:72
right2right:6
wrong2wrong:132
right2wrong:3
proportion of clean value in candidates:0.36619718309859156
proportion of clean value in candidates and selected correctly:1.0
