rep_right:366
rec_right:366
wrong_cells:624
prec:0.26483357452964795
rec:0.5865384615383675
wrong2right:366
right2right:0
wrong2wrong:110
right2wrong:906
proportion of clean value in candidates:0.26483357452966716
proportion of clean value in candidates and selected correctly:1.0
