rep_right:2668
rec_right:2668
wrong_cells:4920
prec:0.8329690914767406
rec:0.5422764227642276
wrong2right:2668
right2right:0
wrong2wrong:408
right2wrong:127
clean_in_cands AFTER filter:2885
proportion of clean value in candidates and selected correctly:0.9247833622151654
