rep_right:203
rec_right:198
wrong_cells:203
prec:0.31327160493822326
rec:0.9753694581275985
wrong2right:198
right2right:5
wrong2wrong:3
right2wrong:442
proportion of clean value in candidates:0.31790123456790126
proportion of clean value in candidates and selected correctly:0.9854368932038835
