rep_right:278
rec_right:278
wrong_cells:509
prec:0.8501529051987767
rec:0.5461689587426326
wrong2right:278
right2right:0
wrong2wrong:38
right2wrong:11
clean_in_cands AFTER filter:315
proportion of clean value in candidates and selected correctly:0.8825396825116654
