rep_right:53
rec_right:2
wrong_cells:979
prec:0.021571021571020692
rec:0.0020429009193052047
wrong2right:2
right2right:51
wrong2wrong:325
right2wrong:2079
proportion of clean value in candidates:0.02197802197802198
proportion of clean value in candidates and selected correctly:0.4074074074074074
