rep_right:35
rec_right:35
wrong_cells:339
prec:0.10355029585795754
rec:0.10324483775808165
wrong2right:35
right2right:0
wrong2wrong:6
right2wrong:297
proportion of clean value in candidates:0.10355029585798817
proportion of clean value in candidates and selected correctly:1.0
