rep_right:53
rec_right:52
wrong_cells:275
prec:0.1760797342192106
rec:0.18909090909084034
wrong2right:52
right2right:1
wrong2wrong:33
right2wrong:215
proportion of clean value in candidates:0.1760797342192691
proportion of clean value in candidates and selected correctly:1.0
