测试结果:
Accuracy: 0.8888888888888888
Recall: 0.022857142857142857
F1 Score: 0.04456824512045996
EDR: 0.022857142857142857
Hybrid Distance: 0.2458372542274688
R-EDR: 0.0010183299389002036
Time: 131.43284606933594
Speed: 13.143284606933594 seconds/100 records
