测试结果:
Accuracy: 0.278125
Recall: 0.37083333333333335
F1 Score: 0.3178571428081633
EDR: -0.5041666666666667
Hybrid Distance: 0.09314720235699345
R-EDR: -0.375
Time: 149.00474739074707
Speed: 14.900474739074706 seconds/100 records
