rep_right:134
rec_right:0
wrong_cells:979
prec:0.06968278731148883
rec:0.0
wrong2right:0
right2right:134
wrong2wrong:451
right2wrong:1338
proportion of clean value in candidates:0.0218408736349454
proportion of clean value in candidates and selected correctly:0.47619047619047616
