rep_right:4835
rec_right:4835
wrong_cells:5196
prec:0.9710785298252661
rec:0.9305234795996921
wrong2right:4835
right2right:0
wrong2wrong:56
right2wrong:88
clean_in_cands AFTER filter:4893
proportion of clean value in candidates and selected correctly:0.9881463314919515
