rep_right:2796
rec_right:2796
wrong_cells:4920
prec:0.8396396396396396
rec:0.5682926829268292
wrong2right:2796
right2right:0
wrong2wrong:211
right2wrong:323
clean_in_cands AFTER filter:3184
proportion of clean value in candidates and selected correctly:0.87814070351483
