测试结果:
Accuracy: 0.2833333333333333
Recall: 0.5120481927710844
F1 Score: 0.36480686690692404
EDR: -0.5843373493975904
Hybrid Distance: 0.012013651758209891
R-EDR: -0.048484848484848485
Time: 53627.92960572243
speed: 536.2792960572243 seconds/100num
