测试结果:
Accuracy: 0.2983050847457627
Recall: 0.26426426426426425
F1 Score: 0.28025477702024676
EDR: -0.32432432432432434
Hybrid Distance: 0.13068589553618049
R-EDR: -0.13930348258706468
Time: 567.2189497947693
speed: 18.90729832649231 seconds/100num
