rep_right:231
rec_right:231
wrong_cells:500
prec:0.6507042253521127
rec:0.462
wrong2right:231
right2right:0
wrong2wrong:124
right2wrong:0
clean_in_cands AFTER filter:355
proportion of clean value in candidates and selected correctly:0.6507042253337829
