rep_right:181
rec_right:176
wrong_cells:3359
prec:0.46173469387743327
rec:0.05239654659124583
wrong2right:176
right2right:5
wrong2wrong:0
right2wrong:211
proportion of clean value in candidates:0.461734693877551
proportion of clean value in candidates and selected correctly:1.0
