rep_right:37
rec_right:37
wrong_cells:88
prec:0.23270440251557695
rec:0.42045454545406763
wrong2right:37
right2right:0
wrong2wrong:7
right2wrong:115
proportion of clean value in candidates:0.23270440251572327
proportion of clean value in candidates and selected correctly:1.0
