rep_right:185
rec_right:6
wrong_cells:15
prec:0.09135802469135351
rec:0.3999999999973333
wrong2right:6
right2right:179
wrong2wrong:0
right2wrong:1840
proportion of clean value in candidates:0.02666666666666667
proportion of clean value in candidates and selected correctly:0.8888888888888888
