rep_right:129
rec_right:120
wrong_cells:10127
prec:0.06495468277945292
rec:0.011849511207662566
wrong2right:120
right2right:9
wrong2wrong:1614
right2wrong:243
proportion of clean value in candidates:0.028700906344410877
proportion of clean value in candidates and selected correctly:0.5614035087719298
