rep_right:129
rec_right:127
wrong_cells:828
prec:0.1713147410358338
rec:0.15338164251205877
wrong2right:127
right2right:2
wrong2wrong:31
right2wrong:593
proportion of clean value in candidates:0.17131474103585656
proportion of clean value in candidates and selected correctly:1.0
