rep_right:171
rec_right:13
wrong_cells:130
prec:0.08532934131736102
rec:0.09999999999992308
wrong2right:13
right2right:158
wrong2wrong:25
right2wrong:1808
proportion of clean value in candidates:0.03243512974051896
proportion of clean value in candidates and selected correctly:0.7538461538461538
