测试结果:
Accuracy: 0.5166163141993958
Recall: 0.6719056974459725
F1 Score: 0.5841161400020919
EDR: 0.05697445972495088
Hybrid Distance: 0.09735308536402491
R-EDR: 0.02702702702702703
Time: 6.32930588722229
speed: 0.632930588722229 seconds/100num
