测试结果:
Accuracy: 0.75
Recall: 0.1460446247464503
F1 Score: 0.24448217314758805
EDR: 0.1460446247464503
Hybrid Distance: 0.10961486527458598
R-EDR: 0.14285714285714285
Time: 22119.60373520851
Speed: 442.3920747041702 seconds/100 records
