测试结果:
Accuracy: 0.875
Recall: 0.5
F1 Score: 0.6363636363173554
EDR: 0.4642857142857143
Hybrid Distance: 0.03570866318531272
R-EDR: 0.5
Time: 112.19304013252258
Speed: 11.219304013252259 seconds/100 records
