测试结果:
Accuracy: 0.04494267515923567
Recall: 0.33070866141732286
F1 Score: 0.0791315269841385
EDR: -6.43644544431946
Hybrid Distance: 0.14741748216768785
R-EDR: -3.2391118701964134
Time: 1474.200692653656
speed: 14.74200692653656 seconds/100num
