rep_right:1296
rec_right:1293
wrong_cells:2493
prec:0.3009753831862447
rec:0.5186522262334329
wrong2right:1293
right2right:3
wrong2wrong:535
right2wrong:2475
proportion of clean value in candidates:0.3309335810496981
proportion of clean value in candidates and selected correctly:0.9094736842105263
