rep_right:1584
rec_right:1562
wrong_cells:3574
prec:0.3392589419575854
rec:0.4370453273642855
wrong2right:1562
right2right:22
wrong2wrong:788
right2wrong:2297
proportion of clean value in candidates:0.3878774898265153
proportion of clean value in candidates and selected correctly:0.8746548868028713
