rep_right:721
rec_right:721
wrong_cells:1318
prec:0.28330058939095154
rec:0.5470409711683955
wrong2right:721
right2right:0
wrong2wrong:231
right2wrong:1593
proportion of clean value in candidates:0.3017681728880157
proportion of clean value in candidates and selected correctly:0.9388020833333334
