测试结果:
Accuracy: 0.03345070422535211
Recall: 0.2345679012345679
F1 Score: 0.05855161785180566
EDR: -6.197530864197531
Hybrid Distance: 0.017257072979554245
R-EDR: -6.578947368421052
Time: 22.656948566436768
speed: 2.2656948566436768 seconds/100num
