rep_right:241
rec_right:241
wrong_cells:979
prec:0.8114478114478114
rec:0.24616956077630234
wrong2right:241
right2right:0
wrong2wrong:56
right2wrong:0
clean_in_cands AFTER filter:297
proportion of clean value in candidates and selected correctly:0.8114478114204899
