rep_right:452
rec_right:404
wrong_cells:509
prec:0.5159817351597584
rec:0.7937131630646771
wrong2right:404
right2right:48
wrong2wrong:0
right2wrong:424
proportion of clean value in candidates:0.5296803652968036
proportion of clean value in candidates and selected correctly:0.9741379310344828
