rep_right:13
rec_right:13
wrong_cells:141
prec:0.2549019607843137
rec:0.09219858156028368
wrong2right:13
right2right:0
wrong2wrong:9
right2wrong:29
clean_in_cands AFTER filter:14
proportion of clean value in candidates and selected correctly:0.9285714279081632
