rep_right:32
rec_right:32
wrong_cells:1085
prec:0.5161290322580645
rec:0.029493087557603687
wrong2right:32
right2right:0
wrong2wrong:5
right2wrong:25
clean_in_cands AFTER filter:39
proportion of clean value in candidates and selected correctly:0.8205128203024326
