rep_right:408
rec_right:408
wrong_cells:558
prec:0.3177570093457696
rec:0.7311827956987936
wrong2right:408
right2right:0
wrong2wrong:60
right2wrong:816
proportion of clean value in candidates:0.3356697819314642
proportion of clean value in candidates and selected correctly:0.9466357308584686
