测试结果:
Accuracy: 0.01706091689344777
Recall: 0.3367768595041322
F1 Score: 0.03247658895276623
EDR: -18.81095041322314
Hybrid Distance: 0.13711854017317554
R-EDR: -9.680301399354144
Time: 1460.2497947216034
speed: 14.602497947216033 seconds/100num
