测试结果:
Accuracy: 0.95
Recall: 0.007828594973217964
F1 Score: 0.015529219450769387
EDR: 0.007828594973217964
Hybrid Distance: 0.20328486011349936
R-EDR: 0.0
Time: 153.13177919387817
Speed: 15.313177919387817 seconds/100 records
