rep_right:475
rec_right:447
wrong_cells:532
prec:0.42754275427538907
rec:0.8402255639096164
wrong2right:447
right2right:28
wrong2wrong:22
right2wrong:614
proportion of clean value in candidates:0.44014401440144013
proportion of clean value in candidates and selected correctly:0.9713701431492843
