测试结果:
Accuracy: 0.18566775244299674
Recall: 0.3958333333333333
F1 Score: 0.2527716185818083
EDR: -1.25
Hybrid Distance: 0.08997587587911537
R-EDR: -1.4365079365079365
Time: 145.9615364074707
Speed: 14.59615364074707 seconds/100 records
