测试结果:
Accuracy: 0.04852686308492201
Recall: 0.026515151515151516
F1 Score: 0.0342927127528323
EDR: -0.4630681818181818
Hybrid Distance: 0.06063379594046503
R-EDR: -0.0628997867803838
Time: 23.443536520004272
speed: 2.3443536520004273 seconds/100num
