rep_right:501
rec_right:484
wrong_cells:608
prec:0.34767522553779684
rec:0.7960526315788163
wrong2right:484
right2right:17
wrong2wrong:65
right2wrong:875
proportion of clean value in candidates:0.37196391394864675
proportion of clean value in candidates and selected correctly:0.9347014925373134
