rep_right:569
rec_right:553
wrong_cells:694
prec:0.35145151327978064
rec:0.7968299711814413
wrong2right:553
right2right:16
wrong2wrong:51
right2wrong:999
proportion of clean value in candidates:0.36812847436689317
proportion of clean value in candidates and selected correctly:0.9546979865771812
