rep_right:31
rec_right:31
wrong_cells:176
prec:0.8157894736842105
rec:0.17613636363636365
wrong2right:31
right2right:0
wrong2wrong:6
right2wrong:1
clean_in_cands AFTER filter:37
proportion of clean value in candidates and selected correctly:0.8378378376113952
