rep_right:1253
rec_right:1133
wrong_cells:1580
prec:0.49564873417719557
rec:0.7170886075948913
wrong2right:1133
right2right:120
wrong2wrong:56
right2wrong:1219
proportion of clean value in candidates:0.5185917721518988
proportion of clean value in candidates and selected correctly:0.9557589626239512
