rep_right:2265
rec_right:2066
wrong_cells:4428
prec:0.4511053574984973
rec:0.4665763324299804
wrong2right:2066
right2right:199
wrong2wrong:520
right2wrong:2236
proportion of clean value in candidates:0.5114519020115514
proportion of clean value in candidates and selected correctly:0.8820093457943925
