rep_right:2034
rec_right:1819
wrong_cells:3089
prec:0.49706744868033975
rec:0.5888637099384724
wrong2right:1819
right2right:215
wrong2wrong:238
right2wrong:1820
proportion of clean value in candidates:0.5339687194525904
proportion of clean value in candidates and selected correctly:0.9308924485125858
