rep_right:2341
rec_right:2084
wrong_cells:4428
prec:0.46568529938332076
rec:0.47064137308038684
wrong2right:2084
right2right:257
wrong2wrong:485
right2wrong:2201
proportion of clean value in candidates:0.5219813009747364
proportion of clean value in candidates and selected correctly:0.8921493902439024
