rep_right:460
rec_right:416
wrong_cells:509
prec:0.48832271762202883
rec:0.8172888015715487
wrong2right:416
right2right:44
wrong2wrong:5
right2wrong:477
proportion of clean value in candidates:0.5042462845010616
proportion of clean value in candidates and selected correctly:0.968421052631579
