rep_right:451
rec_right:405
wrong_cells:509
prec:0.4854682454251361
rec:0.7956777996069164
wrong2right:405
right2right:46
wrong2wrong:5
right2wrong:473
proportion of clean value in candidates:0.5026910656620022
proportion of clean value in candidates and selected correctly:0.9657387580299786
