rep_right:178
rec_right:171
wrong_cells:176
prec:0.39035087719289685
rec:0.9715909090903572
wrong2right:171
right2right:7
wrong2wrong:1
right2wrong:277
proportion of clean value in candidates:0.3925438596491228
proportion of clean value in candidates and selected correctly:0.994413407821229
