rep_right:164
rec_right:17
wrong_cells:113
prec:0.08617971623751518
rec:0.15044247787597306
wrong2right:17
right2right:147
wrong2wrong:26
right2wrong:1713
proportion of clean value in candidates:0.03205465055176038
proportion of clean value in candidates and selected correctly:0.8688524590163934
