rep_right:88
rec_right:82
wrong_cells:83
prec:0.35483870967727626
rec:0.9879518072277254
wrong2right:82
right2right:6
wrong2wrong:0
right2wrong:160
proportion of clean value in candidates:0.3548387096774194
proportion of clean value in candidates and selected correctly:1.0
