rep_right:134
rec_right:134
wrong_cells:267
prec:0.41104294478515
rec:0.501872659175842
wrong2right:134
right2right:0
wrong2wrong:3
right2wrong:189
proportion of clean value in candidates:0.41411042944785276
proportion of clean value in candidates and selected correctly:0.9925925925925926
