rep_right:4772
rec_right:4772
wrong_cells:5395
prec:0.9417801460430235
rec:0.8845227062094532
wrong2right:4772
right2right:0
wrong2wrong:220
right2wrong:75
clean_in_cands AFTER filter:4989
proportion of clean value in candidates and selected correctly:0.9565043094789407
