rep_right:186
rec_right:186
wrong_cells:979
prec:0.8157894736842105
rec:0.18998978549540346
wrong2right:186
right2right:0
wrong2wrong:42
right2wrong:0
clean_in_cands AFTER filter:226
proportion of clean value in candidates and selected correctly:0.8230088495211058
