rep_right:135
rec_right:13
wrong_cells:130
prec:0.05986696230598404
rec:0.09999999999992308
wrong2right:13
right2right:122
wrong2wrong:35
right2wrong:2085
proportion of clean value in candidates:0.032815964523281595
proportion of clean value in candidates and selected correctly:0.918918918918919
