rep_right:119
rec_right:8
wrong_cells:67
prec:0.053220035778172935
rec:0.11940298507444864
wrong2right:8
right2right:111
wrong2wrong:13
right2wrong:2104
proportion of clean value in candidates:0.02817531305903399
proportion of clean value in candidates and selected correctly:0.8571428571428571
