rep_right:1692
rec_right:1679
wrong_cells:4533
prec:0.2977300721449886
rec:0.37039488197660775
wrong2right:1679
right2right:13
wrong2wrong:1185
right2wrong:2806
proportion of clean value in candidates:0.35175083582614813
proportion of clean value in candidates and selected correctly:0.8464232116058029
