rep_right:2237
rec_right:2234
wrong_cells:4920
prec:0.3398146741607118
rec:0.45406504065039727
wrong2right:2234
right2right:3
wrong2wrong:1452
right2wrong:2894
proportion of clean value in candidates:0.49764545040255204
proportion of clean value in candidates and selected correctly:0.6828449328449329
