rep_right:15
rec_right:15
wrong_cells:14033
prec:0.006705409029950527
rec:0.0010689090002137741
wrong2right:15
right2right:0
wrong2wrong:2204
right2wrong:18
proportion of clean value in candidates:0.007152436298614216
proportion of clean value in candidates and selected correctly:0.9375
