rep_right:2536
rec_right:2536
wrong_cells:3359
prec:0.8301145662847791
rec:0.7549866031557011
wrong2right:2536
right2right:0
wrong2wrong:516
right2wrong:3
clean_in_cands AFTER filter:3051
proportion of clean value in candidates and selected correctly:0.8312028842975051
