rep_right:23
rec_right:23
wrong_cells:58
prec:0.21495327102783648
rec:0.3965517241372473
wrong2right:23
right2right:0
wrong2wrong:0
right2wrong:84
proportion of clean value in candidates:0.21495327102803738
proportion of clean value in candidates and selected correctly:1.0
