rep_right:33
rec_right:33
wrong_cells:120
prec:0.20754716981119023
rec:0.2749999999997708
wrong2right:33
right2right:0
wrong2wrong:0
right2wrong:126
proportion of clean value in candidates:0.20754716981132076
proportion of clean value in candidates and selected correctly:1.0
