测试结果:
Accuracy: 0.13307240704500978
Recall: 0.35789473684210527
F1 Score: 0.19400855916162563
EDR: -1.9
Hybrid Distance: 0.12850159213484094
R-EDR: -1.6990881458966565
Time: 148.19226050376892
Speed: 14.819226050376892 seconds/100 records
