rep_right:151
rec_right:11
wrong_cells:80
prec:0.07373046874999639
rec:0.13749999999982812
wrong2right:11
right2right:140
wrong2wrong:13
right2wrong:1884
proportion of clean value in candidates:0.03125
proportion of clean value in candidates and selected correctly:0.546875
