rep_right:27
rec_right:27
wrong_cells:1102
prec:0.5
rec:0.024500907441016333
wrong2right:27
right2right:0
wrong2wrong:3
right2wrong:24
clean_in_cands AFTER filter:44
proportion of clean value in candidates and selected correctly:0.6136363634969008
