rep_right:243
rec_right:243
wrong_cells:608
prec:0.5625
rec:0.3996710526315789
wrong2right:243
right2right:0
wrong2wrong:41
right2wrong:148
clean_in_cands AFTER filter:422
proportion of clean value in candidates and selected correctly:0.5758293838726106
