测试结果:
Accuracy: 0.06837606837606838
Recall: 0.03679852805887764
F1 Score: 0.04784688990666029
EDR: -0.43698252069917204
Hybrid Distance: 0.061405770876749054
R-EDR: -0.0617678381256656
Time: 3.6454567909240723
speed: 0.3645456790924072 seconds/100num
