rep_right:357
rec_right:357
wrong_cells:500
prec:0.30331350892095976
rec:0.7139999999998572
wrong2right:357
right2right:0
wrong2wrong:63
right2wrong:757
proportion of clean value in candidates:0.318606627017842
proportion of clean value in candidates and selected correctly:0.952
