rep_right:149
rec_right:14
wrong_cells:95
prec:0.08097826086956081
rec:0.14736842105247644
wrong2right:14
right2right:135
wrong2wrong:17
right2wrong:1674
proportion of clean value in candidates:0.029891304347826088
proportion of clean value in candidates and selected correctly:0.8
