rep_right:245
rec_right:245
wrong_cells:269
prec:0.3141025641025238
rec:0.9107806691446428
wrong2right:245
right2right:0
wrong2wrong:19
right2wrong:516
proportion of clean value in candidates:0.3294871794871795
proportion of clean value in candidates and selected correctly:0.953307392996109
