rep_right:405
rec_right:405
wrong_cells:558
prec:0.3120184899845676
rec:0.7258064516127731
wrong2right:405
right2right:0
wrong2wrong:66
right2wrong:827
proportion of clean value in candidates:0.3189522342064715
proportion of clean value in candidates and selected correctly:0.9782608695652174
