rep_right:181
rec_right:172
wrong_cells:176
prec:0.38185654008430764
rec:0.9772727272721721
wrong2right:172
right2right:9
wrong2wrong:1
right2wrong:292
proportion of clean value in candidates:0.3818565400843882
proportion of clean value in candidates and selected correctly:1.0
