rep_right:47
rec_right:47
wrong_cells:164
prec:0.32638888888866224
rec:0.2865853658534838
wrong2right:47
right2right:0
wrong2wrong:1
right2wrong:96
proportion of clean value in candidates:0.3263888888888889
proportion of clean value in candidates and selected correctly:1.0
