rep_right:463
rec_right:425
wrong_cells:509
prec:0.4915074309978247
rec:0.8349705304517023
wrong2right:425
right2right:38
wrong2wrong:5
right2wrong:474
proportion of clean value in candidates:0.505307855626327
proportion of clean value in candidates and selected correctly:0.9726890756302521
