rep_right:2344
rec_right:2341
wrong_cells:4920
prec:0.36011676140727666
rec:0.4758130081300716
wrong2right:2341
right2right:3
wrong2wrong:1273
right2wrong:2892
proportion of clean value in candidates:0.4258718697188508
proportion of clean value in candidates and selected correctly:0.8455988455988456
