rep_right:225
rec_right:225
wrong_cells:532
prec:0.7758620689655172
rec:0.42293233082706766
wrong2right:225
right2right:0
wrong2wrong:21
right2wrong:44
clean_in_cands AFTER filter:289
proportion of clean value in candidates and selected correctly:0.7785467127758288
