rep_right:164
rec_right:164
wrong_cells:287
prec:0.23976608187130996
rec:0.5714285714283723
wrong2right:164
right2right:0
wrong2wrong:62
right2wrong:458
proportion of clean value in candidates:0.23976608187134502
proportion of clean value in candidates and selected correctly:1.0
