rep_right:117
rec_right:7
wrong_cells:35
prec:0.05267897343538709
rec:0.19999999999942855
wrong2right:7
right2right:110
wrong2wrong:12
right2wrong:2092
proportion of clean value in candidates:0.027915353444394417
proportion of clean value in candidates and selected correctly:0.8064516129032258
