测试结果:
Accuracy: 0.06837606837606838
Recall: 0.03679852805887764
F1 Score: 0.04784688990666029
EDR: -0.43698252069917204
Hybrid Distance: 0.061405770876749054
R-EDR: -0.0617678381256656
Time: 22.862906217575073
speed: 2.2862906217575074 seconds/100num
