测试结果:
Accuracy: 0.3946360153256705
Recall: 0.7322274881516587
F1 Score: 0.5128630704939066
EDR: -0.36255924170616116
Hybrid Distance: 0.050015259767888724
R-EDR: 0.41935483870967744
Time: 6.804996967315674
speed: 0.6804996967315674 seconds/100num
