rep_right:3
rec_right:3
wrong_cells:47
prec:0.13043478260869565
rec:0.06382978723404255
wrong2right:3
right2right:0
wrong2wrong:1
right2wrong:19
clean_in_cands AFTER filter:3
proportion of clean value in candidates and selected correctly:0.9999999966666667
