rep_right:10
rec_right:10
wrong_cells:47
prec:0.046511627906976744
rec:0.2127659574468085
wrong2right:10
right2right:0
wrong2wrong:2
right2wrong:203
clean_in_cands AFTER filter:208
proportion of clean value in candidates and selected correctly:0.048076923074611685
