测试结果:
Accuracy: 0.03437853490792272
Recall: 0.8516982401076113
F1 Score: 0.06608939202754316
EDR: -22.922430220827263
Hybrid Distance: 0.07779400153821428
R-EDR: -18.151708876321614
Time: 1498.1792404651642
speed: 0.7490896202325821 seconds/100num
