rep_right:78
rec_right:78
wrong_cells:209
prec:0.3644859813082409
rec:0.37320574162661574
wrong2right:78
right2right:0
wrong2wrong:3
right2wrong:133
proportion of clean value in candidates:0.3644859813084112
proportion of clean value in candidates and selected correctly:1.0
