rep_right:3926
rec_right:3926
wrong_cells:4322
prec:0.9896647340559617
rec:0.9083757519666821
wrong2right:3926
right2right:0
wrong2wrong:26
right2wrong:15
clean_in_cands AFTER filter:3950
proportion of clean value in candidates and selected correctly:0.9939240506303951
