rep_right:395
rec_right:378
wrong_cells:422
prec:0.457175925925873
rec:0.8957345971561859
wrong2right:378
right2right:17
wrong2wrong:7
right2wrong:462
proportion of clean value in candidates:0.46064814814814814
proportion of clean value in candidates and selected correctly:0.992462311557789
