测试结果:
Accuracy: 0.896551724137931
Recall: 0.04168336673346693
F1 Score: 0.07966296437297232
EDR: 0.04168336673346693
Hybrid Distance: 0.19317627721122224
R-EDR: 0.0010152284263959391
Time: 142.78167486190796
Speed: 14.278167486190796 seconds/100 records
