测试结果:
Accuracy: 0.8446601941747572
Recall: 0.359504132231405
F1 Score: 0.5043478260450729
EDR: 0.359504132231405
Hybrid Distance: 0.07661267116561433
R-EDR: 0.34684684684684686
Time: 453.0497486591339
speed: 45.304974865913394 seconds/100num
