测试结果:
Accuracy: 0.8571428571428571
Recall: 0.07228915662650602
F1 Score: 0.13333333331898764
EDR: 0.07228915662650602
Hybrid Distance: 0.056856584813257
R-EDR: 0.07228915662650602
Time: 549.7272939682007
speed: 54.97272939682007 seconds/100num
