测试结果:
Accuracy: 0.8157894736842105
Recall: 0.17613636363636365
F1 Score: 0.28971962613901653
EDR: 0.17045454545454544
Hybrid Distance: 0.06973223271328413
R-EDR: 0.14814814814814814
Time: 467.73107051849365
speed: 46.773107051849365 seconds/100num
