测试结果:
Accuracy: 0.5787671232876712
Recall: 0.4642857142857143
F1 Score: 0.5152439023896267
EDR: 0.22527472527472528
Hybrid Distance: 0.07950257404278666
R-EDR: 0.18181818181818182
Time: 408.06307005882263
speed: 40.80630700588226 seconds/100num
