测试结果:
Accuracy: 0.914572864321608
Recall: 0.5244956772334294
F1 Score: 0.6666666666203404
EDR: 0.49135446685878964
Hybrid Distance: 0.10026104433374311
R-EDR: 0.4302554027504912
Time: 420.14617943763733
speed: 42.01461794376373 seconds/100num
