测试结果:
Accuracy: 0.944954128440367
Recall: 0.4881516587677725
F1 Score: 0.6437499999550801
EDR: 0.48578199052132703
Hybrid Distance: 0.06436809626162528
R-EDR: 0.4252199413489736
Time: 427.0307614803314
speed: 42.70307614803314 seconds/100num
