测试结果:
Accuracy: 0.8191881918819188
Recall: 0.41729323308270677
F1 Score: 0.5529265254845475
EDR: 0.37030075187969924
Hybrid Distance: 0.10234695268571188
R-EDR: 0.3446601941747573
Time: 413.3477282524109
speed: 41.33477282524109 seconds/100num
