测试结果:
Accuracy: 0.6639118457300276
Recall: 0.3963815789473684
F1 Score: 0.49639546854226657
EDR: 0.26644736842105265
Hybrid Distance: 0.1334801078467523
R-EDR: 0.2325056433408578
Time: 427.33911514282227
speed: 42.73391151428223 seconds/100num
