测试结果:
Accuracy: 0.8720379146919431
Recall: 0.6840148698884758
F1 Score: 0.7666666666173966
EDR: 0.6096654275092936
Hybrid Distance: 0.03301446435383354
R-EDR: 0.5654008438818565
Time: 288.68674755096436
speed: 12.15011563766685 seconds/100num
