测试结果:
Accuracy: 0.9375
Recall: 0.20270270270270271
F1 Score: 0.3333333333040988
EDR: 0.20270270270270271
Hybrid Distance: 0.030388448239705053
R-EDR: 0.19444444444444445
Time: 283.57463479042053
speed: 11.934959376701201 seconds/100num
