测试结果:
Accuracy: 0.8954703832752613
Recall: 0.747093023255814
F1 Score: 0.814580031646129
EDR: 0.747093023255814
Hybrid Distance: 0.041632411162733814
R-EDR: 0.7163120567375887
Time: 281.1794819831848
speed: 11.834153282120573 seconds/100num
