测试结果:
Accuracy: 0.7405660377358491
Recall: 0.3625866050808314
F1 Score: 0.4868217053822265
EDR: 0.3625866050808314
Hybrid Distance: 0.08986870879713105
R-EDR: 0.3584905660377358
Time: 280.45172095298767
speed: 11.803523609132478 seconds/100num
