测试结果:
Accuracy: 0.6507042253521127
Recall: 0.462
F1 Score: 0.5403508771444205
EDR: 0.462
Hybrid Distance: 0.05986526420327696
R-EDR: 0.38095238095238093
Time: 303.6445698738098
speed: 12.779653614217585 seconds/100num
