测试结果:
Accuracy: 1.0
Recall: 0.41379310344827586
F1 Score: 0.5853658536171327
EDR: 0.41379310344827586
Hybrid Distance: 0.05160593331561381
R-EDR: 0.36813186813186816
Time: 275.30649423599243
speed: 11.586973663130994 seconds/100num
