测试结果:
Accuracy: 0.9682539682539683
Recall: 0.4621212121212121
F1 Score: 0.625641025597286
EDR: 0.4621212121212121
Hybrid Distance: 0.03207250804990785
R-EDR: 0.41025641025641024
Time: 279.1049084663391
speed: 11.74683958191663 seconds/100num
