测试结果:
Accuracy: 0.8601036269430051
Recall: 0.5949820788530465
F1 Score: 0.7033898304601344
EDR: 0.5949820788530465
Hybrid Distance: 0.074378994806124
R-EDR: 0.5820568927789934
Time: 309.686870098114
speed: 13.033959179213554 seconds/100num
