测试结果:
Accuracy: 0.6803084223013048
Recall: 0.8559701492537314
F1 Score: 0.7580964969764302
EDR: 0.458955223880597
Hybrid Distance: 0.04441465466396892
R-EDR: 0.43342036553524804
Time: 521.2793035507202
speed: 21.629846620361835 seconds/100num
