测试结果:
Accuracy: 0.09523809523809523
Recall: 0.009569377990430622
F1 Score: 0.017391304331232517
EDR: -0.08133971291866028
Hybrid Distance: 0.03156498836022958
R-EDR: -0.07894736842105263
Time: 568.3120582103729
speed: 23.581413203749914 seconds/100num
