测试结果:
Accuracy: 0.20833333333333334
Recall: 0.018726591760299626
F1 Score: 0.03436426115325043
EDR: -0.052434456928838954
Hybrid Distance: 0.04175393796031495
R-EDR: -0.05416666666666667
Time: 587.0621225833893
speed: 24.359424173584618 seconds/100num
