测试结果:
Accuracy: 0.34285714285714286
Recall: 0.03305785123966942
F1 Score: 0.06030150752164718
EDR: -0.024793388429752067
Hybrid Distance: 0.04504660526604089
R-EDR: -0.0189873417721519
Time: 583.3731837272644
speed: 24.206356171255784 seconds/100num
