测试结果:
Accuracy: 0.890795631825273
Recall: 0.8168812589413448
F1 Score: 0.8522388059202429
EDR: 0.7260371959942775
Hybrid Distance: 0.044344064213739466
R-EDR: 0.7023809523809523
Time: 524.6666204929352
speed: 21.770399190578225 seconds/100num
