测试结果:
Accuracy: 0.9002535925612849
Recall: 0.8609539207760711
F1 Score: 0.8801652892062234
EDR: 0.7793047696038804
Hybrid Distance: 0.03439779745952755
R-EDR: 0.7778793418647166
Time: 597.2096674442291
speed: 24.780484126316562 seconds/100num
