测试结果:
Accuracy: 0.9851528384279477
Recall: 0.8798751950078003
F1 Score: 0.9295426451911976
EDR: 0.8712948517940717
Hybrid Distance: 0.016777146062871295
R-EDR: 0.85431654676259
Time: 454.31071281433105
speed: 18.851066921756477 seconds/100num
