测试结果:
Accuracy: 0.3103448275862069
Recall: 0.10975609756097561
F1 Score: 0.1621621621235614
EDR: -0.13414634146341464
Hybrid Distance: 0.028519310788943666
R-EDR: -0.1342281879194631
Time: 610.142055273056
speed: 25.31709772917245 seconds/100num
