测试结果:
Accuracy: 0.9571984435797666
Recall: 0.7971484121840571
F1 Score: 0.8698727015062859
EDR: 0.7828904731043422
Hybrid Distance: 0.0457710880211737
R-EDR: 0.7748987854251013
Time: 473.5483355522156
speed: 19.649308529137574 seconds/100num
