测试结果:
Accuracy: 0.9143536875495638
Recall: 0.802924791086351
F1 Score: 0.85502410080301
EDR: 0.782033426183844
Hybrid Distance: 0.03233992868474541
R-EDR: 0.7581755593803786
Time: 468.75950860977173
speed: 19.450602017002975 seconds/100num
