测试结果:
Accuracy: 0.7928118393234672
Recall: 0.704445835942392
F1 Score: 0.7460212201093255
EDR: 0.588603631809643
Hybrid Distance: 0.05010410760825903
R-EDR: 0.5626496408619314
Time: 495.4023473262787
speed: 20.556113996941026 seconds/100num
