测试结果:
Accuracy: 0.8642533936651584
Recall: 0.44835680751173707
F1 Score: 0.5904173106196255
EDR: 0.39906103286384975
Hybrid Distance: 0.03489940904401073
R-EDR: 0.4051948051948052
Time: 585.9039096832275
speed: 24.31136554702189 seconds/100num
