测试结果:
Accuracy: 0.043010752688172046
Recall: 0.024615384615384615
F1 Score: 0.031311154552525464
EDR: -0.52
Hybrid Distance: 0.05269429759365434
R-EDR: -0.5132450331125827
Time: 627.2542781829834
speed: 26.027148472322963 seconds/100num
