测试结果:
Accuracy: 0.9772344013490725
Recall: 0.7731821214142762
F1 Score: 0.8633147113100836
EDR: 0.7611741160773849
Hybrid Distance: 0.045235420394810065
R-EDR: 0.734271523178808
Time: 469.4810039997101
speed: 19.48053958505021 seconds/100num
