测试结果:
Accuracy: 0.5703703703703704
Recall: 0.16382978723404254
F1 Score: 0.25454545451078475
EDR: 0.08297872340425531
Hybrid Distance: 0.02881994898324666
R-EDR: 0.08333333333333333
Time: 593.1599414348602
speed: 24.612445702691296 seconds/100num
