测试结果:
Accuracy: 0.7588235294117647
Recall: 0.24618320610687022
F1 Score: 0.3717579250350555
EDR: 0.21755725190839695
Hybrid Distance: 0.03530060546216436
R-EDR: 0.2337962962962963
Time: 593.9212346076965
speed: 24.644034631024752 seconds/100num
