测试结果:
Accuracy: 1.0
Recall: 0.03571428571428571
F1 Score: 0.06896551723472057
EDR: 0.03571428571428571
Hybrid Distance: 0.0071267819839458775
R-EDR: 0.02857142857142857
Time: 212.45281338691711
speed: 21.24528133869171 seconds/100num
