测试结果:
Accuracy: 0.09090909090909091
Recall: 0.009900990099009901
F1 Score: 0.017857142839429213
EDR: -0.0594059405940594
Hybrid Distance: 0.007128939200775101
R-EDR: -0.06593406593406594
Time: 210.4025387763977
speed: 21.04025387763977 seconds/100num
