测试结果:
Accuracy: 0.15625
Recall: 0.07246376811594203
F1 Score: 0.09900990094680914
EDR: -0.18840579710144928
Hybrid Distance: 0.004611169247006002
R-EDR: -0.208955223880597
Time: 1240.519079208374
speed: 124.05190792083741 seconds/100num
