测试结果:
Accuracy: 0.1
Recall: 0.013986013986013986
F1 Score: 0.02453987727908465
EDR: -0.06293706293706294
Hybrid Distance: 0.009100437661295632
R-EDR: -0.05223880597014925
Time: 230.11955642700195
speed: 23.011955642700194 seconds/100num
