测试结果:
Accuracy: 0.05555555555555555
Recall: 0.04938271604938271
F1 Score: 0.05228758164951942
EDR: -0.7777777777777778
Hybrid Distance: 0.005125724762478838
R-EDR: -0.8026315789473685
Time: 9992.959783315659
speed: 999.2959783315658 seconds/100num
