测试结果:
Accuracy: 0.13043478260869565
Recall: 0.06
F1 Score: 0.08219178077875773
EDR: -0.32
Hybrid Distance: 0.0037595710298238736
R-EDR: -0.32653061224489793
Time: 239.92228412628174
speed: 23.992228412628172 seconds/100num
