测试结果:
Accuracy: 1.0
Recall: 0.009900990099009901
F1 Score: 0.01960784313531334
EDR: 0.009900990099009901
Hybrid Distance: 0.006890449128740543
R-EDR: 0.01098901098901099
Time: 86.96190810203552
speed: 8.696190810203552 seconds/100num
