测试结果:
Accuracy: 0.4666666666666667
Recall: 0.08641975308641975
F1 Score: 0.14583333330696613
EDR: 0.0
Hybrid Distance: 0.004779233708963049
R-EDR: 0.0
Time: 276.6702070236206
speed: 27.66702070236206 seconds/100num
