测试结果:
Accuracy: 0.12195121951219512
Recall: 0.062111801242236024
F1 Score: 0.08230452670425578
EDR: -0.2857142857142857
Hybrid Distance: 0.01233315755514626
R-EDR: -0.31690140845070425
Time: 347.6963138580322
speed: 34.76963138580322 seconds/100num
