测试结果:
Accuracy: 0.4444444444444444
Recall: 0.04938271604938271
F1 Score: 0.08888888887088889
EDR: 0.012345679012345678
Hybrid Distance: 0.005413071670268045
R-EDR: 0.013157894736842105
Time: 260.60124707221985
speed: 26.060124707221984 seconds/100num
