测试结果:
Accuracy: 0.19230769230769232
Recall: 0.062111801242236024
F1 Score: 0.09389671357811721
EDR: -0.13664596273291926
Hybrid Distance: 0.010594158780686739
R-EDR: -0.14084507042253522
Time: 268.49085426330566
speed: 26.849085426330568 seconds/100num
