测试结果:
Accuracy: 0.375
Recall: 0.0234375
F1 Score: 0.04411764704775086
EDR: -0.015625
Hybrid Distance: 0.007210223128290357
R-EDR: -0.02631578947368421
Time: 232.5646436214447
speed: 23.25646436214447 seconds/100num
