测试结果:
Accuracy: 0.26666666666666666
Recall: 0.03571428571428571
F1 Score: 0.06299212596341992
EDR: -0.03571428571428571
Hybrid Distance: 0.007432747127064265
R-EDR: -0.047619047619047616
Time: 290.031476020813
speed: 29.0031476020813 seconds/100num
