测试结果:
Accuracy: 0.5882352941176471
Recall: 0.2
F1 Score: 0.2985074626486968
EDR: 0.1
Hybrid Distance: 0.0032872745568437306
R-EDR: 0.10204081632653061
Time: 4836.825370311737
speed: 483.6825370311737 seconds/100num
