测试结果:
Accuracy: 0.7027027027027027
Recall: 0.023529411764705882
F1 Score: 0.0455341506066898
EDR: 0.017194570135746608
Hybrid Distance: 0.05264532260847373
R-EDR: 0.020191285866099893
Time: 244.46119451522827
speed: 24.446119451522826 seconds/100num
