测试结果:
Accuracy: 0.07142857142857142
Recall: 0.02
F1 Score: 0.031249999965820313
EDR: -0.2
Hybrid Distance: 0.0037200539637381735
R-EDR: -0.1836734693877551
Time: 162.93619179725647
speed: 16.293619179725646 seconds/100num
