测试结果:
Accuracy: 0.13157894736842105
Recall: 0.07246376811594203
F1 Score: 0.09345794387943052
EDR: -0.391304347826087
Hybrid Distance: 0.004415709522274343
R-EDR: -0.34328358208955223
Time: 263.95837450027466
speed: 26.395837450027464 seconds/100num
