测试结果:
Accuracy: 0.2549019607843137
Recall: 0.09090909090909091
F1 Score: 0.13402061851794556
EDR: -0.11188811188811189
Hybrid Distance: 0.008264830355335826
R-EDR: -0.11940298507462686
Time: 334.34237909317017
speed: 33.43423790931702 seconds/100num
