测试结果:
Accuracy: 0.2727272727272727
Recall: 0.043478260869565216
F1 Score: 0.07499999997628125
EDR: -0.014492753623188406
Hybrid Distance: 0.004715949936834533
R-EDR: -0.014925373134328358
Time: 204.7178225517273
speed: 20.47178225517273 seconds/100num
