测试结果:
Accuracy: 0.22549019607843138
Recall: 0.021780303030303032
F1 Score: 0.039723661469254656
EDR: 0.001893939393939394
Hybrid Distance: 0.04901121553336074
R-EDR: 0.01812366737739872
Time: 243.0451021194458
speed: 24.30451021194458 seconds/100num
