测试结果:
Accuracy: 0.5555555555555556
Recall: 0.0390625
F1 Score: 0.07299270071765145
EDR: 0.0234375
Hybrid Distance: 0.007199314797620274
R-EDR: 0.03508771929824561
Time: 238.0104079246521
speed: 23.80104079246521 seconds/100num
