测试结果:
Accuracy: 0.5423728813559322
Recall: 0.029438822447102116
F1 Score: 0.05584642232880235
EDR: 0.00919963201471941
Hybrid Distance: 0.05071428383479321
R-EDR: 0.024494142705005325
Time: 246.03394532203674
speed: 24.603394532203673 seconds/100num
