测试结果:
Accuracy: 0.14285714285714285
Recall: 0.019801980198019802
F1 Score: 0.03478260867426843
EDR: -0.04950495049504951
Hybrid Distance: 0.006922173069662603
R-EDR: -0.054945054945054944
Time: 253.4762773513794
speed: 25.34762773513794 seconds/100num
