测试结果:
Accuracy: 0.20754716981132076
Recall: 0.275
F1 Score: 0.23655913973592324
EDR: -0.775
Hybrid Distance: 0.10066375888268617
R-EDR: -0.4661016949152542
Time: 579.1312925815582
speed: 19.304376419385274 seconds/100num
