rep_right:536
rec_right:511
wrong_cells:608
prec:0.3643779741672084
rec:0.8404605263156512
wrong2right:511
right2right:25
wrong2wrong:37
right2wrong:898
proportion of clean value in candidates:0.3698164513936098
proportion of clean value in candidates and selected correctly:0.9852941176470589
