rep_right:135
rec_right:133
wrong_cells:416
prec:0.31839622641501925
rec:0.3197115384614616
wrong2right:133
right2right:2
wrong2wrong:20
right2wrong:269
proportion of clean value in candidates:0.33490566037735847
proportion of clean value in candidates and selected correctly:0.9507042253521126
