<<<<<<< HEAD
rep_right:51
rec_right:49
wrong_cells:169
prec:0.24999999999987746
rec:0.2899408284021953
wrong2right:49
right2right:2
wrong2wrong:5
right2wrong:148
proportion of clean value in candidates:0.25
proportion of clean value in candidates and selected correctly:1.0
=======
rep_right:135
rec_right:133
wrong_cells:416
prec:0.31839622641501925
rec:0.3197115384614616
wrong2right:133
right2right:2
wrong2wrong:20
right2wrong:269
proportion of clean value in candidates:0.33490566037735847
proportion of clean value in candidates and selected correctly:0.9507042253521126
>>>>>>> 7bf0206f7ddcf282baf2ab902c08e6483a4ce7cb
