rep_right:233
rec_right:218
wrong_cells:242
prec:0.3652037617554286
rec:0.9008264462806196
wrong2right:218
right2right:15
wrong2wrong:7
right2wrong:398
proportion of clean value in candidates:0.384012539184953
proportion of clean value in candidates and selected correctly:0.9510204081632653
