rep_right:74
rec_right:74
wrong_cells:74
prec:0.18639798488660292
rec:0.9999999999986486
wrong2right:74
right2right:0
wrong2wrong:0
right2wrong:323
proportion of clean value in candidates:0.18639798488664988
proportion of clean value in candidates and selected correctly:1.0
