rep_right:130
rec_right:130
wrong_cells:132
prec:0.25490196078426375
rec:0.9848484848477388
wrong2right:130
right2right:0
wrong2wrong:2
right2wrong:378
proportion of clean value in candidates:0.25882352941176473
proportion of clean value in candidates and selected correctly:0.9848484848484849
