rep_right:51
rec_right:50
wrong_cells:16887
prec:0.35416666666642077
rec:0.0029608574643216505
wrong2right:50
right2right:1
wrong2wrong:87
right2wrong:6
proportion of clean value in candidates:0.3541666666666667
proportion of clean value in candidates and selected correctly:1.0
