测试结果:
Accuracy: 0.04110878920285126
Recall: 0.31805981595092025
F1 Score: 0.07280733191357767
EDR: -7.075952198364008
Hybrid Distance: 0.1294539016714373
R-EDR: -4.371005879345604
Time: 1405.0338592529297
speed: 0.7025169296264648 seconds/100num
