rep_right:4
rec_right:4
wrong_cells:78
prec:0.23529411764705882
rec:0.05128205128205128
wrong2right:4
right2right:0
wrong2wrong:2
right2wrong:11
clean_in_cands AFTER filter:12
proportion of clean value in candidates and selected correctly:0.3333333330555555
