rep_right:7
rec_right:7
wrong_cells:78
prec:0.25925925925925924
rec:0.08974358974358974
wrong2right:7
right2right:0
wrong2wrong:2
right2wrong:18
clean_in_cands AFTER filter:23
proportion of clean value in candidates and selected correctly:0.3043478259546314
