rep_right:88
rec_right:88
wrong_cells:242
prec:0.8543689320388349
rec:0.36363636363636365
wrong2right:88
right2right:0
wrong2wrong:15
right2wrong:0
clean_in_cands AFTER filter:103
proportion of clean value in candidates and selected correctly:0.8543689319558866
