rep_right:286
rec_right:286
wrong_cells:1527
prec:0.2220496894409938
rec:0.18729535036018335
wrong2right:286
right2right:0
wrong2wrong:791
right2wrong:211
clean_in_cands AFTER filter:804
proportion of clean value in candidates and selected correctly:0.35572139303040146
