rep_right:381
rec_right:381
wrong_cells:539
prec:0.30875202593190365
rec:0.7068645640072899
wrong2right:381
right2right:0
wrong2wrong:43
right2wrong:810
proportion of clean value in candidates:0.31361426256077796
proportion of clean value in candidates and selected correctly:0.9844961240310077
