rep_right:220
rec_right:220
wrong_cells:426
prec:0.3588907014681307
rec:0.5164319248825079
wrong2right:220
right2right:0
wrong2wrong:37
right2wrong:356
proportion of clean value in candidates:0.35889070146818924
proportion of clean value in candidates and selected correctly:1.0
