rep_right:1
rec_right:1
wrong_cells:98
prec:0.09090909090909091
rec:0.01020408163265306
wrong2right:1
right2right:0
wrong2wrong:3
right2wrong:7
clean_in_cands AFTER filter:8
proportion of clean value in candidates and selected correctly:0.12499999984374999
