rep_right:176
rec_right:176
wrong_cells:666
prec:0.29830508474571216
rec:0.26426426426422456
wrong2right:176
right2right:0
wrong2wrong:22
right2wrong:392
proportion of clean value in candidates:0.30338983050847457
proportion of clean value in candidates and selected correctly:0.9832402234636871
