rep_right:89
rec_right:89
wrong_cells:406
prec:0.27987421383639
rec:0.21921182266004455
wrong2right:89
right2right:0
wrong2wrong:10
right2wrong:219
proportion of clean value in candidates:0.2861635220125786
proportion of clean value in candidates and selected correctly:0.978021978021978
