<<<<<<< HEAD
rep_right:89
rec_right:89
wrong_cells:406
prec:0.27987421383639
rec:0.21921182266004455
wrong2right:89
right2right:0
wrong2wrong:10
right2wrong:219
proportion of clean value in candidates:0.2861635220125786
proportion of clean value in candidates and selected correctly:0.978021978021978
=======
rep_right:176
rec_right:176
wrong_cells:666
prec:0.29830508474571216
rec:0.26426426426422456
wrong2right:176
right2right:0
wrong2wrong:22
right2wrong:392
proportion of clean value in candidates:0.30338983050847457
proportion of clean value in candidates and selected correctly:0.9832402234636871
>>>>>>> 7bf0206f7ddcf282baf2ab902c08e6483a4ce7cb
