rep_right:119
rec_right:118
wrong_cells:866
prec:0.18858954041201448
rec:0.1362586605080674
wrong2right:118
right2right:1
wrong2wrong:22
right2wrong:490
proportion of clean value in candidates:0.19175911251980982
proportion of clean value in candidates and selected correctly:0.9834710743801653
