rep_right:321
rec_right:321
wrong_cells:433
prec:0.2918181818181553
rec:0.7413394919166879
wrong2right:321
right2right:0
wrong2wrong:77
right2wrong:702
proportion of clean value in candidates:0.32
proportion of clean value in candidates and selected correctly:0.9119318181818182
