rep_right:309
rec_right:309
wrong_cells:979
prec:0.8982558139534884
rec:0.31562819203268644
wrong2right:309
right2right:0
wrong2wrong:31
right2wrong:4
clean_in_cands AFTER filter:320
proportion of clean value in candidates and selected correctly:0.9656249999698242
