测试结果:
Accuracy: 0.10020040080160321
Recall: 0.7575757575757576
F1 Score: 0.17699115042184418
EDR: -5.924242424242424
Hybrid Distance: 0.0381594387109328
R-EDR: -5.726495726495727
Time: 5.317862510681152
speed: 0.22381576223405522 seconds/100num
