rep_right:135
rec_right:128
wrong_cells:16953
prec:0.41538461538448757
rec:0.007550286085058648
wrong2right:128
right2right:7
wrong2wrong:181
right2wrong:9
proportion of clean value in candidates:0.41846153846153844
proportion of clean value in candidates and selected correctly:0.9926470588235294
