rep_right:3
rec_right:3
wrong_cells:66
prec:0.2727272727272727
rec:0.045454545454545456
wrong2right:3
right2right:0
wrong2wrong:4
right2wrong:4
clean_in_cands AFTER filter:7
proportion of clean value in candidates and selected correctly:0.4285714279591837
