rep_right:203
rec_right:203
wrong_cells:509
prec:0.7048611111111112
rec:0.3988212180746562
wrong2right:203
right2right:0
wrong2wrong:58
right2wrong:27
clean_in_cands AFTER filter:279
proportion of clean value in candidates and selected correctly:0.7275985662821649
