rep_right:286
rec_right:286
wrong_cells:509
prec:0.8362573099415205
rec:0.5618860510805501
wrong2right:286
right2right:0
wrong2wrong:31
right2wrong:25
clean_in_cands AFTER filter:342
proportion of clean value in candidates and selected correctly:0.8362573099170685
