rep_right:26
rec_right:26
wrong_cells:144
prec:0.15853658536575702
rec:0.18055555555543018
wrong2right:26
right2right:0
wrong2wrong:2
right2wrong:136
proportion of clean value in candidates:0.15853658536585366
proportion of clean value in candidates and selected correctly:1.0
