rep_right:329
rec_right:316
wrong_cells:17104
prec:0.4476190476189867
rec:0.01847521047708128
wrong2right:316
right2right:13
wrong2wrong:389
right2wrong:17
proportion of clean value in candidates:0.44761904761904764
proportion of clean value in candidates and selected correctly:1.0
