rep_right:207
rec_right:207
wrong_cells:422
prec:0.9452054794520548
rec:0.490521327014218
wrong2right:207
right2right:0
wrong2wrong:10
right2wrong:2
clean_in_cands AFTER filter:218
proportion of clean value in candidates and selected correctly:0.9495412843601128
