rep_right:137
rec_right:0
wrong_cells:979
prec:0.06867167919799154
rec:0.0
wrong2right:0
right2right:137
wrong2wrong:389
right2wrong:1469
proportion of clean value in candidates:0.017042606516290727
proportion of clean value in candidates and selected correctly:0.5
