rep_right:132
rec_right:0
wrong_cells:960
prec:0.07193460490462823
rec:0.0
wrong2right:0
right2right:132
wrong2wrong:322
right2wrong:1381
proportion of clean value in candidates:0.026158038147138966
proportion of clean value in candidates and selected correctly:0.6041666666666666
