rep_right:133
rec_right:0
wrong_cells:979
prec:0.07216494845360433
rec:0.0
wrong2right:0
right2right:133
wrong2wrong:180
right2wrong:1530
proportion of clean value in candidates:0.02224633749321758
proportion of clean value in candidates and selected correctly:0.4634146341463415
