<<<<<<< HEAD
rep_right:132
rec_right:0
wrong_cells:960
prec:0.07193460490462823
rec:0.0
wrong2right:0
right2right:132
wrong2wrong:322
right2wrong:1381
proportion of clean value in candidates:0.026158038147138966
proportion of clean value in candidates and selected correctly:0.6041666666666666
=======
rep_right:137
rec_right:0
wrong_cells:979
prec:0.06867167919799154
rec:0.0
wrong2right:0
right2right:137
wrong2wrong:389
right2wrong:1469
proportion of clean value in candidates:0.017042606516290727
proportion of clean value in candidates and selected correctly:0.5
>>>>>>> 8edc95ab48445c1a2bf800365b96f3c500e682f4
