测试结果:
Accuracy: 0.4017857142857143
Recall: 0.36
F1 Score: 0.37974683539318843
EDR: -0.116
Hybrid Distance: 0.11795273836806487
R-EDR: -0.2520775623268698
Time: 153.53073740005493
Speed: 15.353073740005494 seconds/100 records
