rep_right:132
rec_right:16
wrong_cells:80
prec:0.05840707964601512
rec:0.19999999999975
wrong2right:16
right2right:116
wrong2wrong:22
right2wrong:2106
proportion of clean value in candidates:0.036283185840707964
proportion of clean value in candidates and selected correctly:0.8048780487804879
