rep_right:4741
rec_right:4741
wrong_cells:5035
prec:0.9757151677299856
rec:0.9416087388282026
wrong2right:4741
right2right:0
wrong2wrong:101
right2wrong:17
clean_in_cands AFTER filter:4840
proportion of clean value in candidates and selected correctly:0.9795454545434307
