rep_right:3776
rec_right:3776
wrong_cells:3962
prec:0.989517819706499
rec:0.9530540131246845
wrong2right:3776
right2right:0
wrong2wrong:0
right2wrong:40
clean_in_cands AFTER filter:3776
proportion of clean value in candidates and selected correctly:0.9999999999973517
