测试结果:
Accuracy: 0.8431372549019608
Recall: 0.017138302112395375
F1 Score: 0.033593749996095
EDR: 0.017138302112395375
Hybrid Distance: 0.2424833803054063
R-EDR: 0.0
Time: 130.94133830070496
Speed: 13.094133830070495 seconds/100 records
