rep_right:107
rec_right:107
wrong_cells:206
prec:0.34627831715199153
rec:0.5194174757279032
wrong2right:107
right2right:0
wrong2wrong:12
right2wrong:190
proportion of clean value in candidates:0.34627831715210355
proportion of clean value in candidates and selected correctly:1.0
