rep_right:2360
rec_right:2360
wrong_cells:4920
prec:0.8987052551408987
rec:0.4796747967479675
wrong2right:2360
right2right:0
wrong2wrong:191
right2wrong:75
clean_in_cands AFTER filter:2485
proportion of clean value in candidates and selected correctly:0.9496981891309871
