rep_right:55
rec_right:54
wrong_cells:500
prec:0.12195121951216809
rec:0.1079999999999784
wrong2right:54
right2right:1
wrong2wrong:23
right2wrong:373
proportion of clean value in candidates:0.12416851441241686
proportion of clean value in candidates and selected correctly:0.9821428571428571
