rep_right:41
rec_right:40
wrong_cells:240
prec:0.15018315018309517
rec:0.16666666666659724
wrong2right:40
right2right:1
wrong2wrong:12
right2wrong:220
proportion of clean value in candidates:0.15018315018315018
proportion of clean value in candidates and selected correctly:1.0
