测试结果:
Accuracy: 0.12987012987012986
Recall: 0.18292682926829268
F1 Score: 0.1518987341286537
EDR: -1.024390243902439
Hybrid Distance: 0.012374415668754269
R-EDR: -0.4899328859060403
Time: 33.25190496444702
speed: 1.3797470939604572 seconds/100num
