测试结果:
Accuracy: 0.3106508875739645
Recall: 0.39325842696629215
F1 Score: 0.3471074379672175
EDR: -0.4681647940074906
Hybrid Distance: 0.015700465499974746
R-EDR: -0.10416666666666667
Time: 33.318318605422974
speed: 1.3825028466980487 seconds/100num
