rep_right:2651
rec_right:2651
wrong_cells:3359
prec:0.8629557291666666
rec:0.7892229830306638
wrong2right:2651
right2right:0
wrong2wrong:417
right2wrong:4
clean_in_cands AFTER filter:3061
proportion of clean value in candidates and selected correctly:0.866056844165743
