rep_right:2567
rec_right:2567
wrong_cells:3359
prec:0.7910631741140216
rec:0.7642155403393868
wrong2right:2567
right2right:0
wrong2wrong:673
right2wrong:5
clean_in_cands AFTER filter:3236
proportion of clean value in candidates and selected correctly:0.7932632880074374
