rep_right:94
rec_right:94
wrong_cells:172
prec:0.30718954248355973
rec:0.5465116279066591
wrong2right:94
right2right:0
wrong2wrong:13
right2wrong:199
proportion of clean value in candidates:0.30718954248366015
proportion of clean value in candidates and selected correctly:1.0
