rep_right:174
rec_right:174
wrong_cells:341
prec:0.33461538461532025
rec:0.5102639296186187
wrong2right:174
right2right:0
wrong2wrong:21
right2wrong:325
proportion of clean value in candidates:0.3346153846153846
proportion of clean value in candidates and selected correctly:1.0
