测试结果:
Accuracy: 0.26666666666666666
Recall: 0.27586206896551724
F1 Score: 0.2711864406279804
EDR: -0.4605911330049261
Hybrid Distance: 0.12642469497382863
R-EDR: -0.26005361930294907
Time: 562.2370717525482
speed: 18.74123572508494 seconds/100num
