rep_right:169
rec_right:162
wrong_cells:16991
prec:0.3939393939393021
rec:0.009534459419692724
wrong2right:162
right2right:7
wrong2wrong:251
right2wrong:9
proportion of clean value in candidates:0.3916083916083916
proportion of clean value in candidates and selected correctly:0.9940476190476191
