rep_right:126
rec_right:126
wrong_cells:247
prec:0.328981723237512
rec:0.5101214574896721
wrong2right:126
right2right:0
wrong2wrong:21
right2wrong:236
proportion of clean value in candidates:0.3289817232375979
proportion of clean value in candidates and selected correctly:1.0
