rep_right:6
rec_right:6
wrong_cells:83
prec:0.8571428571428571
rec:0.07228915662650602
wrong2right:6
right2right:0
wrong2wrong:1
right2wrong:0
clean_in_cands AFTER filter:7
proportion of clean value in candidates and selected correctly:0.8571428559183674
