rep_right:3614
rec_right:3614
wrong_cells:4123
prec:0.9525566684238271
rec:0.876546204220228
wrong2right:3614
right2right:0
wrong2wrong:167
right2wrong:13
clean_in_cands AFTER filter:3781
proportion of clean value in candidates and selected correctly:0.9558317905290774
