rep_right:218
rec_right:204
wrong_cells:17008
prec:0.44763860369600667
rec:0.011994355597365875
wrong2right:204
right2right:14
wrong2wrong:261
right2wrong:8
proportion of clean value in candidates:0.44969199178644764
proportion of clean value in candidates and selected correctly:0.9954337899543378
