rep_right:161
rec_right:14
wrong_cells:47
prec:0.08049999999999598
rec:0.29787234042489813
wrong2right:14
right2right:147
wrong2wrong:8
right2wrong:1831
proportion of clean value in candidates:0.0365
proportion of clean value in candidates and selected correctly:0.821917808219178
