测试结果:
Accuracy: 0.17237507018528916
Recall: 0.614
F1 Score: 0.2691801840955371
EDR: -2.082
Hybrid Distance: 0.07532924857278576
R-EDR: -1.7293233082706767
Time: 6.335022211074829
speed: 0.2666255139341258 seconds/100num
