测试结果:
Accuracy: 0.7777777777777778
Recall: 0.008571428571428572
F1 Score: 0.016955995153273663
EDR: 0.008571428571428572
Hybrid Distance: 0.23912255169469868
R-EDR: 0.0010224948875255625
Time: 132.20011377334595
Speed: 13.220011377334595 seconds/100 records
