rep_right:363
rec_right:361
wrong_cells:461
prec:0.3457142857142528
rec:0.7830802603035177
wrong2right:361
right2right:2
wrong2wrong:43
right2wrong:644
proportion of clean value in candidates:0.3495238095238095
proportion of clean value in candidates and selected correctly:0.989100817438692
