rep_right:167
rec_right:165
wrong_cells:325
prec:0.38927738927729855
rec:0.5076923076921515
wrong2right:165
right2right:2
wrong2wrong:14
right2wrong:248
proportion of clean value in candidates:0.3939393939393939
proportion of clean value in candidates and selected correctly:0.9763313609467456
