rep_right:323
rec_right:323
wrong_cells:524
prec:0.4388586956521143
rec:0.6164122137403403
wrong2right:323
right2right:0
wrong2wrong:26
right2wrong:387
proportion of clean value in candidates:0.4388586956521739
proportion of clean value in candidates and selected correctly:1.0
