测试结果:
Accuracy: 0.14631685166498487
Recall: 0.7142857142857143
F1 Score: 0.24288107199857845
EDR: -3.2807881773399017
Hybrid Distance: 0.03884964506854545
R-EDR: -3.4615384615384617
Time: 5.546440362930298
speed: 0.2334360422108711 seconds/100num
