测试结果:
Accuracy: 0.3409090909090909
Recall: 0.35398230088495575
F1 Score: 0.34732272064466313
EDR: -0.25663716814159293
Hybrid Distance: 0.10928590189675201
R-EDR: -0.2857142857142857
Time: 142.72809052467346
Speed: 14.272809052467347 seconds/100 records
