rep_right:347
rec_right:347
wrong_cells:433
prec:0.31776556776553866
rec:0.8013856812931175
wrong2right:347
right2right:0
wrong2wrong:44
right2wrong:701
proportion of clean value in candidates:0.32783882783882784
proportion of clean value in candidates and selected correctly:0.9692737430167597
