rep_right:51
rec_right:50
wrong_cells:380
prec:0.1432584269662519
rec:0.13157894736838643
wrong2right:50
right2right:1
wrong2wrong:18
right2wrong:287
proportion of clean value in candidates:0.14325842696629212
proportion of clean value in candidates and selected correctly:1.0
