测试结果:
Accuracy: 0.04852686308492201
Recall: 0.026515151515151516
F1 Score: 0.0342927127528323
EDR: -0.4630681818181818
Hybrid Distance: 0.06063379594046503
R-EDR: -0.0628997867803838
Time: 3.6446566581726074
speed: 0.36446566581726075 seconds/100num
