rep_right:132
rec_right:21
wrong_cells:113
prec:0.0578693555458107
rec:0.1858407079644373
wrong2right:21
right2right:111
wrong2wrong:36
right2wrong:2113
proportion of clean value in candidates:0.03463393248575186
proportion of clean value in candidates and selected correctly:0.8481012658227848
