测试结果:
Accuracy: 0.08571428571428572
Recall: 0.046153846153846156
F1 Score: 0.05999999995449999
EDR: -0.4153846153846154
Hybrid Distance: 0.062188474475947796
R-EDR: -0.05951115834218916
Time: 22.92254900932312
speed: 2.292254900932312 seconds/100num
