rep_right:2634
rec_right:2634
wrong_cells:4920
prec:0.7386427369601795
rec:0.5353658536585366
wrong2right:2634
right2right:0
wrong2wrong:527
right2wrong:405
clean_in_cands AFTER filter:3165
proportion of clean value in candidates and selected correctly:0.8322274881490294
