测试结果:
Accuracy: 0.05982905982905983
Recall: 0.2734375
F1 Score: 0.09817671806310771
EDR: -3.796875
Hybrid Distance: 0.01867420401171457
R-EDR: -4.184210526315789
Time: 22.840954780578613
speed: 2.2840954780578615 seconds/100num
