rep_right:57
rec_right:57
wrong_cells:122
prec:0.26146788990813696
rec:0.4672131147537154
wrong2right:57
right2right:0
wrong2wrong:7
right2wrong:154
proportion of clean value in candidates:0.26146788990825687
proportion of clean value in candidates and selected correctly:1.0
