rep_right:141
rec_right:8
wrong_cells:67
prec:0.07601078167115494
rec:0.11940298507444864
wrong2right:8
right2right:133
wrong2wrong:10
right2wrong:1704
proportion of clean value in candidates:0.028032345013477088
proportion of clean value in candidates and selected correctly:0.5576923076923077
