rep_right:4860
rec_right:4860
wrong_cells:5080
prec:0.9965142505638712
rec:0.9566929133858267
wrong2right:4860
right2right:0
wrong2wrong:6
right2wrong:11
clean_in_cands AFTER filter:4866
proportion of clean value in candidates and selected correctly:0.9987669543752594
