rep_right:203
rec_right:203
wrong_cells:363
prec:0.41683778234077684
rec:0.559228650137587
wrong2right:203
right2right:0
wrong2wrong:19
right2wrong:265
proportion of clean value in candidates:0.41683778234086244
proportion of clean value in candidates and selected correctly:1.0
