rep_right:145
rec_right:145
wrong_cells:992
prec:0.9119496855345912
rec:0.1461693548387097
wrong2right:145
right2right:0
wrong2wrong:12
right2wrong:2
clean_in_cands AFTER filter:150
proportion of clean value in candidates and selected correctly:0.9666666666022222
