rep_right:217
rec_right:217
wrong_cells:990
prec:0.25680473372781065
rec:0.2191919191919192
wrong2right:217
right2right:0
wrong2wrong:171
right2wrong:457
clean_in_cands AFTER filter:532
proportion of clean value in candidates and selected correctly:0.40789473683443805
