测试结果:
Accuracy: 0.4762979683972912
Recall: 0.8290766208251473
F1 Score: 0.6050179211006053
EDR: -0.07662082514734773
Hybrid Distance: 0.12386219315146296
R-EDR: 0.022113022113022112
Time: 232.96850848197937
speed: 23.296850848197938 seconds/100num
