rep_right:352
rec_right:352
wrong_cells:509
prec:0.8421052631578947
rec:0.6915520628683693
wrong2right:352
right2right:0
wrong2wrong:54
right2wrong:12
clean_in_cands AFTER filter:406
proportion of clean value in candidates and selected correctly:0.8669950738702711
