rep_right:252
rec_right:252
wrong_cells:509
prec:0.7567567567567568
rec:0.4950884086444008
wrong2right:252
right2right:0
wrong2wrong:46
right2wrong:35
clean_in_cands AFTER filter:318
proportion of clean value in candidates and selected correctly:0.7924528301637593
