rep_right:229
rec_right:213
wrong_cells:17046
prec:0.36757624398067934
rec:0.012495600140795423
wrong2right:213
right2right:16
wrong2wrong:375
right2wrong:19
proportion of clean value in candidates:0.3723916532905297
proportion of clean value in candidates and selected correctly:0.9870689655172413
