rep_right:204
rec_right:200
wrong_cells:203
prec:0.3148148148147662
rec:0.985221674876362
wrong2right:200
right2right:4
wrong2wrong:1
right2wrong:443
proportion of clean value in candidates:0.31790123456790126
proportion of clean value in candidates and selected correctly:0.9902912621359223
