rep_right:61
rec_right:61
wrong_cells:132
prec:0.9682539682539683
rec:0.4621212121212121
wrong2right:61
right2right:0
wrong2wrong:2
right2wrong:0
clean_in_cands AFTER filter:63
proportion of clean value in candidates and selected correctly:0.9682539681002771
