rep_right:2453
rec_right:2453
wrong_cells:3359
prec:0.8111772486772487
rec:0.7302768681155105
wrong2right:2453
right2right:0
wrong2wrong:560
right2wrong:11
clean_in_cands AFTER filter:3009
proportion of clean value in candidates and selected correctly:0.8152210036529903
