rep_right:246
rec_right:246
wrong_cells:269
prec:0.31498079385399297
rec:0.9144981412636006
wrong2right:246
right2right:0
wrong2wrong:17
right2wrong:518
proportion of clean value in candidates:0.3354673495518566
proportion of clean value in candidates and selected correctly:0.9389312977099237
