rep_right:366
rec_right:366
wrong_cells:694
prec:0.9195979899497487
rec:0.5273775216138329
wrong2right:366
right2right:0
wrong2wrong:9
right2wrong:23
clean_in_cands AFTER filter:372
proportion of clean value in candidates and selected correctly:0.9838709677154873
