rep_right:3760
rec_right:3760
wrong_cells:4007
prec:0.9949722148716592
rec:0.9383578737209882
wrong2right:3760
right2right:0
wrong2wrong:0
right2wrong:19
clean_in_cands AFTER filter:3760
proportion of clean value in candidates and selected correctly:0.9999999999973405
