rep_right:248
rec_right:248
wrong_cells:509
prec:0.792332268370607
rec:0.48722986247544203
wrong2right:248
right2right:0
wrong2wrong:42
right2wrong:23
clean_in_cands AFTER filter:311
proportion of clean value in candidates and selected correctly:0.7974276527074782
