rep_right:253
rec_right:253
wrong_cells:509
prec:0.660574412532637
rec:0.49705304518664045
wrong2right:253
right2right:0
wrong2wrong:69
right2wrong:61
clean_in_cands AFTER filter:346
proportion of clean value in candidates and selected correctly:0.7312138728112366
