测试结果:
Accuracy: 0.058036437512861715
Recall: 0.7409167132476244
F1 Score: 0.10764127154218923
EDR: -11.040469536053662
Hybrid Distance: 0.0803615397892655
R-EDR: -8.798282454710712
Time: 1426.382980108261
speed: 0.7131914900541305 seconds/100num
