测试结果:
Accuracy: 0.13470319634703196
Recall: 0.1282608695652174
F1 Score: 0.13140311799011908
EDR: -0.6467391304347826
Hybrid Distance: 0.14250271687754268
R-EDR: -0.3316519546027743
Time: 621.8071568012238
speed: 20.72690522670746 seconds/100num
