rep_right:180
rec_right:180
wrong_cells:17104
prec:0.45918367346927064
rec:0.010523854069223513
wrong2right:180
right2right:0
wrong2wrong:212
right2wrong:0
proportion of clean value in candidates:0.461734693877551
proportion of clean value in candidates and selected correctly:0.994475138121547
