测试结果:
Accuracy: 0.31516587677725116
Recall: 0.31971153846153844
F1 Score: 0.3174224343175443
EDR: -0.3269230769230769
Hybrid Distance: 0.1047301979905611
R-EDR: -0.12373737373737374
Time: 60159.90687966347
speed: 2005.3302293221157 seconds/100num
