rep_right:345
rec_right:345
wrong_cells:897
prec:0.44401544401538684
rec:0.3846153846153417
wrong2right:345
right2right:0
wrong2wrong:10
right2wrong:422
proportion of clean value in candidates:0.444015444015444
proportion of clean value in candidates and selected correctly:1.0
