rep_right:51
rec_right:50
wrong_cells:376
prec:0.06640624999999135
rec:0.13297872340421996
wrong2right:50
right2right:1
wrong2wrong:201
right2wrong:516
proportion of clean value in candidates:0.06640625
proportion of clean value in candidates and selected correctly:1.0
