rep_right:88
rec_right:85
wrong_cells:166
prec:0.2904290429041946
rec:0.512048192770776
wrong2right:85
right2right:3
wrong2wrong:33
right2wrong:182
proportion of clean value in candidates:0.29042904290429045
proportion of clean value in candidates and selected correctly:1.0
