rep_right:98
rec_right:8
wrong_cells:50
prec:0.04422382671479945
rec:0.15999999999967998
wrong2right:8
right2right:90
wrong2wrong:12
right2wrong:2106
proportion of clean value in candidates:0.026173285198555957
proportion of clean value in candidates and selected correctly:0.7068965517241379
