rep_right:5006
rec_right:5006
wrong_cells:5341
prec:0.9891325824935784
rec:0.9372776633589216
wrong2right:5006
right2right:0
wrong2wrong:33
right2wrong:22
clean_in_cands AFTER filter:5037
proportion of clean value in candidates and selected correctly:0.9938455429799606
