rep_right:3791
rec_right:3791
wrong_cells:4268
prec:0.9849311509482983
rec:0.8882380506091846
wrong2right:3791
right2right:0
wrong2wrong:37
right2wrong:21
clean_in_cands AFTER filter:3824
proportion of clean value in candidates and selected correctly:0.9913702928844368
