rep_right:298
rec_right:295
wrong_cells:470
prec:0.4605873261204852
rec:0.6276595744679516
wrong2right:295
right2right:3
wrong2wrong:14
right2wrong:335
proportion of clean value in candidates:0.4605873261205564
proportion of clean value in candidates and selected correctly:0.9966442953020134
