rep_right:15
rec_right:15
wrong_cells:74
prec:0.9375
rec:0.20270270270270271
wrong2right:15
right2right:0
wrong2wrong:1
right2wrong:0
clean_in_cands AFTER filter:16
proportion of clean value in candidates and selected correctly:0.9374999994140625
