rep_right:332
rec_right:332
wrong_cells:558
prec:0.8601036269430051
rec:0.5949820788530465
wrong2right:332
right2right:0
wrong2wrong:54
right2wrong:0
clean_in_cands AFTER filter:385
proportion of clean value in candidates and selected correctly:0.862337662315264
