rep_right:85
rec_right:80
wrong_cells:83
prec:0.3455284552844124
rec:0.9638554216855857
wrong2right:80
right2right:5
wrong2wrong:0
right2wrong:161
proportion of clean value in candidates:0.34552845528455284
proportion of clean value in candidates and selected correctly:1.0
