rep_right:261
rec_right:237
wrong_cells:242
prec:0.4027777777777156
rec:0.979338842974802
wrong2right:237
right2right:24
wrong2wrong:1
right2wrong:386
proportion of clean value in candidates:0.4027777777777778
proportion of clean value in candidates and selected correctly:1.0
