测试结果:
Accuracy: 0.14948453608247422
Recall: 0.3258426966292135
F1 Score: 0.20494699642331404
EDR: -1.4719101123595506
Hybrid Distance: 0.05985737059138693
R-EDR: -1.3908045977011494
Time: 142.62879180908203
Speed: 14.262879180908204 seconds/100 records
