测试结果:
Accuracy: 0.22282608695652173
Recall: 0.29818181818181816
F1 Score: 0.255054432299413
EDR: -0.6836363636363636
Hybrid Distance: 0.10819764746799099
R-EDR: -0.588477366255144
Time: 148.66452622413635
Speed: 14.866452622413636 seconds/100 records
