rep_right:467
rec_right:446
wrong_cells:532
prec:0.3875518672198848
rec:0.8383458646614965
wrong2right:446
right2right:21
wrong2wrong:38
right2wrong:700
proportion of clean value in candidates:0.4066390041493776
proportion of clean value in candidates and selected correctly:0.9530612244897959
