rep_right:157
rec_right:157
wrong_cells:433
prec:0.7405660377358491
rec:0.3625866050808314
wrong2right:157
right2right:0
wrong2wrong:55
right2wrong:0
clean_in_cands AFTER filter:212
proportion of clean value in candidates and selected correctly:0.7405660377009167
