测试结果:
Accuracy: 0.05767790262172284
Recall: 0.3428317008014248
F1 Score: 0.09874326747983392
EDR: -4.969723953695459
Hybrid Distance: 0.14853400800600589
R-EDR: -2.4472222222222224
Time: 1352.5202226638794
speed: 13.525202226638793 seconds/100num
