rep_right:4858
rec_right:4858
wrong_cells:5138
prec:0.9001297016861219
rec:0.9455040871934605
wrong2right:4858
right2right:0
wrong2wrong:53
right2wrong:486
clean_in_cands AFTER filter:4911
proportion of clean value in candidates and selected correctly:0.9892079006292217
