rep_right:3803
rec_right:3803
wrong_cells:4065
prec:0.9950287807430664
rec:0.9355473554735547
wrong2right:3803
right2right:0
wrong2wrong:0
right2wrong:19
clean_in_cands AFTER filter:3803
proportion of clean value in candidates and selected correctly:0.9999999999973705
