rep_right:361
rec_right:342
wrong_cells:364
prec:0.4676165803108202
rec:0.9395604395601814
wrong2right:342
right2right:19
wrong2wrong:1
right2wrong:410
proportion of clean value in candidates:0.4689119170984456
proportion of clean value in candidates and selected correctly:0.9972375690607734
