rep_right:606
rec_right:584
wrong_cells:694
prec:0.3674954517889407
rec:0.8414985590776884
wrong2right:584
right2right:22
wrong2wrong:39
right2wrong:1004
proportion of clean value in candidates:0.3705275924802911
proportion of clean value in candidates and selected correctly:0.9918166939443536
