rep_right:5
rec_right:5
wrong_cells:66
prec:0.1282051282051282
rec:0.07575757575757576
wrong2right:5
right2right:0
wrong2wrong:1
right2wrong:33
clean_in_cands AFTER filter:6
proportion of clean value in candidates and selected correctly:0.8333333319444445
