rep_right:2229
rec_right:2226
wrong_cells:4920
prec:0.3379320800485091
rec:0.4524390243902347
wrong2right:2226
right2right:3
wrong2wrong:1461
right2wrong:2906
proportion of clean value in candidates:0.49393571861734387
proportion of clean value in candidates and selected correctly:0.6841620626151013
