rep_right:165
rec_right:165
wrong_cells:263
prec:0.2696078431372108
rec:0.6273764258552748
wrong2right:165
right2right:0
wrong2wrong:29
right2wrong:418
proportion of clean value in candidates:0.27124183006535946
proportion of clean value in candidates and selected correctly:0.9939759036144579
