rep_right:464
rec_right:417
wrong_cells:509
prec:0.4941427050052722
rec:0.819253438113788
wrong2right:417
right2right:47
wrong2wrong:2
right2wrong:473
proportion of clean value in candidates:0.5058572949946751
proportion of clean value in candidates and selected correctly:0.9768421052631578
