rep_right:471
rec_right:425
wrong_cells:2736
prec:0.506996770721151
rec:0.15533625730993583
wrong2right:425
right2right:46
wrong2wrong:5
right2wrong:453
proportion of clean value in candidates:0.5209903121636168
proportion of clean value in candidates and selected correctly:0.9731404958677686
