测试结果:
Accuracy: 0.20037007665873646
Recall: 1.0
F1 Score: 0.3338471701990103
EDR: -2.990765171503958
Hybrid Distance: 0.0442545111948954
R-EDR: -2.990765171503958
Time: 19.46348786354065
speed: 0.18344474894948773 seconds/100num
