rep_right:108
rec_right:108
wrong_cells:172
prec:0.26213592233003347
rec:0.627906976743821
wrong2right:108
right2right:0
wrong2wrong:17
right2wrong:287
proportion of clean value in candidates:0.2621359223300971
proportion of clean value in candidates and selected correctly:1.0
