rep_right:51
rec_right:49
wrong_cells:375
prec:0.07275320970041757
rec:0.13066666666663182
wrong2right:49
right2right:2
wrong2wrong:200
right2wrong:450
proportion of clean value in candidates:0.07417974322396577
proportion of clean value in candidates and selected correctly:0.9807692307692307
