rep_right:257
rec_right:257
wrong_cells:344
prec:0.8831615120274914
rec:0.747093023255814
wrong2right:257
right2right:0
wrong2wrong:30
right2wrong:4
clean_in_cands AFTER filter:291
proportion of clean value in candidates and selected correctly:0.8831615119971422
