rep_right:119
rec_right:118
wrong_cells:920
prec:0.13568985176737336
rec:0.12826086956520344
wrong2right:118
right2right:1
wrong2wrong:45
right2wrong:713
proportion of clean value in candidates:0.13683010262257697
proportion of clean value in candidates and selected correctly:0.9916666666666667
