rep_right:94
rec_right:92
wrong_cells:743
prec:0.18540433925045655
rec:0.12382234185731845
wrong2right:92
right2right:2
wrong2wrong:38
right2wrong:375
proportion of clean value in candidates:0.1873767258382643
proportion of clean value in candidates and selected correctly:0.9894736842105263
