rep_right:361
rec_right:350
wrong_cells:422
prec:0.43181818181813014
rec:0.8293838862557277
wrong2right:350
right2right:11
wrong2wrong:17
right2wrong:458
proportion of clean value in candidates:0.4473684210526316
proportion of clean value in candidates and selected correctly:0.9652406417112299
